===========================================================================
Point Source Frequency Sweep Summary
B_amp=500T (single cell), 0.5ns, autosave=10ps
===========================================================================

--- srcX ---
f(GHz)     |dr|(nm)     dz(nm)       v̄(nm/ns)      θ_H(°)     core0    core_f  
---------------------------------------------------------------------------
100        3.0178       +2.9800      8.9451         88.9       908      976     
200        1.2680       +1.1204      3.4859         71.9       908      945     
300        4.1963       +4.1741      11.7270        86.1       908      960     
400        1.3651       +1.3615      3.7677         87.2       908      948     
500        2.6644       +2.6287      7.1123         80.5       908      948     
600        2.8242       +2.8235      8.1076         89.4       908      959     
700        5.7105       +5.6914      16.0611        84.1       908      993     
800        0.9697       +0.8901      2.8406         68.9       908      973     
900        2.0235       +2.0115      5.7969         88.5       908      949     
1000       2.8839       +2.8666      8.9561         82.7       908      974     

  Strongest: 700GHz (|dr|=5.710nm)

--- srcZ ---
f(GHz)     |dr|(nm)     dz(nm)       v̄(nm/ns)      θ_H(°)     core0    core_f  
---------------------------------------------------------------------------
100        1.6594       +1.6576      4.6718         13.6       908      995     
200        2.7878       +2.7867      7.7488         9.2        908      976     
300        4.1872       +4.1868      11.8003        9.1        908      1005    
400        1.8298       +1.8284      5.2448         23.6       908      932     
500        0.2476       -0.2246      3.5053         71.7       908      969     
600        3.8685       +3.8678      10.5457        9.0        908      938     
700        0.7161       -0.6955      2.0125         28.8       908      934     
800        7.3142       -7.3012      21.3910        17.1       908      870     
900        3.4245       +3.4230      9.6397         13.9       908      932     
1000       0.4526       +0.4523      2.3436         39.5       908      921     

  Strongest: 800GHz (|dr|=7.314nm)

