========================================================================
Energy Absorption Spectrum Summary (dE/dt via linear fit, 0.3T–end)
========================================================================

srcX (面内传播, 100-1000 GHz):
 Freq(GHz)      dE/dt(J/s)   dE/dt(nJ/s)        R²
--------------------------------------------------
       100    3.599440e-08       35.9944    0.9340
       200    3.981403e-08       39.8140    0.9857
       300   -4.359901e-10       -0.4360    0.6530
       400   -7.924154e-11       -0.0792    0.1547
       500   -1.593975e-10       -0.1594    0.0236
       600    2.359523e-10        0.2360    0.0553
       700   -4.432761e-11       -0.0443    0.0019
       800    3.140309e-10        0.3140    0.0758
       900   -2.066526e-10       -0.2067    0.6963
      1000   -1.361660e-09       -1.3617    0.2755

  → srcX 最强吸收频率 (R²>0.5): 200 GHz

srcZ (轴向传播, 25-1500 GHz):
 Freq(GHz)      dE/dt(J/s)   dE/dt(nJ/s)        R²
--------------------------------------------------
        25    4.962607e-09        4.9626    0.3240
        50    1.128338e-09        1.1283    0.2508
        75   -1.751729e-10       -0.1752    0.2341
       100   -4.674175e-09       -4.6742    0.8512
       125   -1.170933e-09       -1.1709    0.7825
       150   -2.331452e-10       -0.2331    0.6292
       175   -2.345895e-10       -0.2346    0.1055
       200   -3.879786e-09       -3.8798    0.4710
       300   -1.199805e-09       -1.1998    0.7778
       400   -6.765990e-10       -0.6766    0.9401
       500   -7.244264e-10       -0.7244    0.8843
       600   -2.621593e-10       -0.2622    0.7837
       700   -4.043860e-10       -0.4044    0.9010
       800   -4.658315e-10       -0.4658    0.9082
       900   -5.084261e-10       -0.5084    0.9254
      1000   -2.490391e-09       -2.4904    0.2853
      1100   -2.794121e-09       -2.7941    0.5476
      1200   -4.164424e-10       -0.4164    0.9016
      1300   -3.472628e-11       -0.0347    0.0746
      1500   -1.067777e-09       -1.0678    0.9669

  → srcZ 最强吸收频率 (R²>0.5): 100 GHz
